29
 0.000000  0.000000
 1.179830  0.989992
 2.359650  1.979980
 3.539480  2.969980
 4.713930  3.955460
 5.630690  4.724710
 6.267050  5.258680
 6.559410  5.520760
 6.833990  5.801410
 7.089630  6.099410
 7.325240  6.413490
 7.539800  6.742310
 7.732390  7.084460
 7.902200  7.438470
 8.048480  7.802830
 8.170630  8.175970 
 8.268100  8.556310
 8.340500  8.942210
 8.387500  9.332010
 8.381880  9.708910
 8.217420 10.089800
 7.876880 10.389000
 7.413000 10.505000
 6.827490 10.505000
 5.984360 10.505000
 4.734890 10.505000
 3.162660 10.505000
 1.581330 10.505000
 0.000000 10.505000
